42700099 3
42700034 1
42700031 1
42700121 2
42700131 1
42700242 1
42700233 1
42700642 2
42700544 5
42700514 6
42700782 1
42701014 2
42700983 1
42701162 1
42701212 4
42701419 1
42701413 14
42701833 1
42701738 1
42701783 6
42701730 1
42702163 1
42702051 2
42702229 1
42702313 5
42702800 4
42703035 3
42703071 1
42703332 1
42703365 2
42703346 1
42712015 1
42712139 1
42712283 1
42712311 1
42712670 1
42712753 1
42712704 2
42712863 1
42713147 1
42713146 1
42713409 2
42713486 1
42713590 1
42713762 1
42713826 2
42714281 2
42714404 1
42714482 2
42714772 1
42714808 1
42715048 1
42714983 1
42715058 1
42715273 1
42715197 1
42714482 2
42714747 2
42714772 1
42714808 1
42715048 1
42714983 1
42715058 1
42715273 1
42715197 1
42715371 1
42715682 1
42715806 1
42715871 2
42715859 1
42715987 1
42716463 1
42716628 1
42716742 3
42716740 2
42716766 2
42716868 1
42717400 1
42717527 1
42717522 1
42717567 2
42717661 1
42717651 1
42717963 2
42718126 1
