42700099 978694861 91589494 363354798 933691326 758518496 532714810 1031482458 1639130065 172098225 2197051052 1559418319 481535465 2188122493 421596048 88491645 162457932 614869948 159874034 31036748 1736989344 
42700034 2160801551 441518155 371513446 979370629 613884743 1537441033 911733493 337889248 299198782 377716806 41716061 141642461 917499716 576669273 244401206 1173886790 216086856 1856103032 451957003 1353051348 
42700031 18359218 569733582 757993963 2166883909 1834418551 494133790 1895038710 1015961784 498316644 18804872 1643574810 1612914570 379822460 557313596 1088082907 1539368437 570416799 271888819 171523264 219185166 
42700121 148900522 1890716252 2215031413 112050797 533779113 248352501 228535094 67516718 16957273 1163630816 1801839186 587810318 41289949 252962464 1583886486 1566803605 227233708 67236236 320015501 42700099 
42700131 309273194 523783716 459534627 578274665 1636017318 539364513 17394793 474702951 1730719478 2239457677 230427089 381821446 183807568 237425650 15954803 111068750 195833737 1975264106 1974028418 1970641093 
42700242 2235755202 237562697 17661527 304747758 392248031 907452194 1520612551 2175319040 1433354306 143665824 56325391 224084496 308814007 1945547484 473413727 536658234 52615947 1723127995 610249436 325303418 
42700233 2242141800 1861137152 2239471604 1942844910 48153919 343289797 621050346 265337130 1884290444 2150375036 320104692 498240573 228780984 244623979 1906474934 2156268049 66657809 105216169 2150168888 309418030 
42700642 42741600 2240204954 314922264 323349619 311823612 323020760 380597079 407967544 353911829 38051130 324133272 42535585 254646156 244192098 60455174 105026917 55965157 1306227182 809508344 41652849 
42700544 26878858 1265569886 305694899 180785620 628295163 559977377 76873446 2195497425 1894046071 378206995 442436149 25364282 97832149 2181640600 1078172605 306824368 205066693 466739888 1944446726 115079643 
42700514 540552987 46521697 1941306048 296559946 316231150 202636407 368652482 14251613 367969959 1695782288 1140719791 259363493 282705046 187006399 329377617 1398460153 584093302 187068512 1573890462 14081359 
42700782 197700924 523873852 1700608560 1898002968 2156400848 1925006599 348676179 175654814 40658022 1043919648 894118374 267438427 1512241212 814270578 1418258617 1451490913 391828445 1339456950 1383008478 707579234 
42701014 35877628 1126725338 1564543296 297596003 1409388265 1005337728 1249722024 199140173 820296054 496495551 709889000 358020200 127614290 137753461 491721164 88699386 556256264 66759662 421192313 310700681 
42700983 2228399616 1382279934 1713122875 116489723 1626319526 388869452 1107788984 74062657 74515249 1033592628 336237269 57659107 306909945 276334345 952662560 952705590 814914613 384908348 24643458 271879560 
42701162 301122222 43155499 135983248 2218403761 2217159374 1947752635 1974051518 32306417 140963174 857973355 173310900 1719961934 109495036 1025787613 995601943 1084721059 226793945 1018676328 758069534 223617052 
42701212 2236833470 987036386 70152526 1910396281 160122748 139160843 141409425 2147663864 348794340 1043082242 288693318 1337067612 288141449 1100253367 43566192 56967497 992550194 251982121 18321222 1605429235 
